xof 0303txt 0032
Material Material {
	0.800000;0.800000;0.800000;1.000000;;
	36.000000;
	0.200000;0.200000;0.200000;;
	0.000000;0.000000;0.000000;;
	TextureFilename {
		"Enemy.png";
	}
}
Frame Cube.001 {
	FrameTransformMatrix {
		7.599128,0.000000,0.000000,0.000000,
		0.000000,-0.000001,7.599128,0.000000,
		0.000000,-7.599128,-0.000001,0.000000,
		0.000000,0.000000,0.000000,1.000000;;
	}
	Mesh {
		48;
		-1.000000;-1.000000;-3.700938;,
		-1.000000;-1.000000;-6.088787;,
		-1.000000;1.000000;-6.088787;,
		-1.000000;1.000000;-3.700938;,
		-1.000000;1.000000;-6.088787;,
		1.000000;1.000000;-6.088787;,
		1.000000;1.000000;-3.700938;,
		1.000000;1.000000;-6.088787;,
		1.000000;-1.000000;-6.088787;,
		1.000000;-1.000000;-3.700938;,
		1.000000;-1.000000;-6.088787;,
		-1.000000;-1.000000;-6.088787;,
		-1.000000;1.000000;-3.700938;,
		1.000000;1.000000;-3.700938;,
		1.000000;-1.000000;-3.700938;,
		1.000000;1.000000;-6.088787;,
		-1.000000;1.000000;-6.088787;,
		-1.000000;-1.000000;-6.088787;,
		1.453504;1.453504;-3.470009;,
		-1.453504;1.453504;-3.470009;,
		-1.453504;-1.453504;-3.470009;,
		1.453504;-1.453504;-0.107461;,
		1.453504;-1.453504;-3.470009;,
		-1.453504;-1.453504;-3.470009;,
		-1.453504;-1.453504;-0.107461;,
		-1.453504;-1.453504;-3.470009;,
		-1.453504;1.453504;-3.470009;,
		-1.453504;1.453504;-0.107461;,
		1.453504;1.453504;-0.107461;,
		1.453504;-1.453504;-0.107461;,
		1.453504;1.453504;-0.107461;,
		1.453504;1.453504;-3.470009;,
		1.453504;-1.453504;-3.470009;,
		-1.453504;1.453504;-0.107461;,
		-1.453504;1.453504;-3.470009;,
		1.453504;1.453504;-3.470009;,
		-1.000000;1.000000;-3.700938;,
		1.000000;1.000000;-3.700938;,
		1.000000;-1.000000;-3.700938;,
		-1.000000;-1.000000;-3.700938;,
		-1.000000;-1.000000;-3.700938;,
		1.000000;-1.000000;-6.088787;,
		1.453504;-1.453504;-3.470009;,
		-1.453504;-1.453504;-0.107461;,
		-1.453504;1.453504;-0.107461;,
		-1.453504;-1.453504;-0.107461;,
		1.453504;-1.453504;-0.107461;,
		1.453504;1.453504;-0.107461;;
		24;
		3;0,2,1;,
		3;3,5,4;,
		3;6,8,7;,
		3;9,11,10;,
		3;12,14,13;,
		3;15,17,16;,
		3;18,20,19;,
		3;21,23,22;,
		3;24,26,25;,
		3;27,29,28;,
		3;30,32,31;,
		3;33,35,34;,
		3;0,36,2;,
		3;3,37,5;,
		3;6,38,8;,
		3;9,39,11;,
		3;12,40,14;,
		3;15,41,17;,
		3;18,42,20;,
		3;21,43,23;,
		3;24,44,26;,
		3;27,45,29;,
		3;30,46,32;,
		3;33,47,35;;
		MeshNormals {
			48;
			-1.000000;0.000000;0.000000;,
			-1.000000;0.000000;0.000000;,
			-1.000000;0.000000;0.000000;,
			0.000000;1.000000;0.000000;,
			0.000000;1.000000;0.000000;,
			0.000000;1.000000;0.000000;,
			1.000000;0.000000;0.000000;,
			1.000000;0.000000;0.000000;,
			1.000000;0.000000;0.000000;,
			0.000000;-1.000000;0.000000;,
			0.000000;-1.000000;0.000000;,
			0.000000;-1.000000;0.000000;,
			0.000000;0.000000;1.000000;,
			0.000000;0.000000;1.000000;,
			0.000000;0.000000;1.000000;,
			0.000000;0.000000;-1.000000;,
			0.000000;0.000000;-1.000000;,
			0.000000;0.000000;-1.000000;,
			0.000000;0.000000;-1.000000;,
			0.000000;0.000000;-1.000000;,
			0.000000;0.000000;-1.000000;,
			0.000000;-1.000000;0.000000;,
			0.000000;-1.000000;0.000000;,
			0.000000;-1.000000;0.000000;,
			-1.000000;0.000000;0.000000;,
			-1.000000;0.000000;0.000000;,
			-1.000000;0.000000;0.000000;,
			0.000000;0.000000;1.000000;,
			0.000000;0.000000;1.000000;,
			0.000000;0.000000;1.000000;,
			1.000000;0.000000;0.000000;,
			1.000000;0.000000;0.000000;,
			1.000000;0.000000;0.000000;,
			0.000000;1.000000;0.000000;,
			0.000000;1.000000;0.000000;,
			0.000000;1.000000;0.000000;,
			-1.000000;0.000000;0.000000;,
			0.000000;1.000000;0.000000;,
			1.000000;0.000000;0.000000;,
			0.000000;-1.000000;0.000000;,
			0.000000;0.000000;1.000000;,
			0.000000;0.000000;-1.000000;,
			0.000000;0.000000;-1.000000;,
			0.000000;-1.000000;0.000000;,
			-1.000000;0.000000;0.000000;,
			0.000000;0.000000;1.000000;,
			1.000000;0.000000;0.000000;,
			0.000000;1.000000;0.000000;;
			24;
			3;0,2,1;,
			3;3,5,4;,
			3;6,8,7;,
			3;9,11,10;,
			3;12,14,13;,
			3;15,17,16;,
			3;18,20,19;,
			3;21,23,22;,
			3;24,26,25;,
			3;27,29,28;,
			3;30,32,31;,
			3;33,35,34;,
			3;0,36,2;,
			3;3,37,5;,
			3;6,38,8;,
			3;9,39,11;,
			3;12,40,14;,
			3;15,41,17;,
			3;18,42,20;,
			3;21,43,23;,
			3;24,44,26;,
			3;27,45,29;,
			3;30,46,32;,
			3;33,47,35;;
		}
		MeshTextureCoords {
			48;
			0.551903;0.292386;,
			0.448097;0.292386;,
			0.448097;0.396193;,
			0.551903;0.396193;,
			0.448097;0.396193;,
			0.448097;0.500000;,
			0.551903;0.500000;,
			0.448097;0.500000;,
			0.448097;0.603807;,
			0.551903;0.603807;,
			0.448097;0.603807;,
			0.448097;0.707614;,
			0.655710;0.500000;,
			0.551903;0.500000;,
			0.551903;0.603807;,
			0.448097;0.500000;,
			0.344290;0.500000;,
			0.344290;0.603807;,
			0.448097;0.500000;,
			0.344290;0.500000;,
			0.344290;0.603807;,
			0.551903;0.603807;,
			0.448097;0.603807;,
			0.448097;0.707614;,
			0.551903;0.292386;,
			0.448097;0.292386;,
			0.448097;0.396193;,
			0.655710;0.500000;,
			0.551903;0.500000;,
			0.551903;0.603807;,
			0.551903;0.500000;,
			0.448097;0.500000;,
			0.448097;0.603807;,
			0.551903;0.396193;,
			0.448097;0.396193;,
			0.448097;0.500000;,
			0.551903;0.396193;,
			0.551903;0.500000;,
			0.551903;0.603807;,
			0.551903;0.707614;,
			0.655710;0.603807;,
			0.448097;0.603807;,
			0.448097;0.603807;,
			0.551903;0.707614;,
			0.551903;0.396193;,
			0.655710;0.603807;,
			0.551903;0.603807;,
			0.551903;0.500000;;
		}
		MeshMaterialList {
			1;
			24;
			0,
			0,
			0,
			0,
			0,
			0,
			0,
			0,
			0,
			0,
			0,
			0,
			0,
			0,
			0,
			0,
			0,
			0,
			0,
			0,
			0,
			0,
			0,
			0;
			{Material}
		}
		XSkinMeshHeader {
			4;
			12;
			2;
		}
		SkinWeights {
			"Bone";
			24;
			18,
			19,
			20,
			21,
			22,
			23,
			24,
			25,
			26,
			27,
			28,
			29,
			30,
			31,
			32,
			33,
			34,
			35,
			42,
			43,
			44,
			45,
			46,
			47;
			1.000000,
			1.000000,
			1.000000,
			1.000000,
			1.000000,
			1.000000,
			1.000000,
			1.000000,
			1.000000,
			1.000000,
			1.000000,
			1.000000,
			1.000000,
			1.000000,
			1.000000,
			1.000000,
			1.000000,
			1.000000,
			1.000000,
			1.000000,
			1.000000,
			1.000000,
			1.000000,
			1.000000;
			0.232471,0.000000,-0.000000,0.000000,
			0.000000,0.000000,0.232471,0.000000,
			0.000000,-0.232471,0.000000,0.000000,
			-0.000000,-0.353434,-0.000000,1.000000;;
		}
		SkinWeights {
			"Bone.001";
			24;
			0,
			1,
			2,
			3,
			4,
			5,
			6,
			7,
			8,
			9,
			10,
			11,
			12,
			13,
			14,
			15,
			16,
			17,
			36,
			37,
			38,
			39,
			40,
			41;
			1.000000,
			1.000000,
			1.000000,
			1.000000,
			1.000000,
			1.000000,
			1.000000,
			1.000000,
			1.000000,
			1.000000,
			1.000000,
			1.000000,
			1.000000,
			1.000000,
			1.000000,
			1.000000,
			1.000000,
			1.000000,
			1.000000,
			1.000000,
			1.000000,
			1.000000,
			1.000000,
			1.000000;
			0.232471,0.000000,-0.000000,0.000000,
			0.000000,0.000000,0.232471,0.000000,
			0.000000,-0.232471,0.000000,0.000000,
			0.000000,-0.815207,0.000000,1.000000;;
		}
	}
}
Frame Armature {
	FrameTransformMatrix {
		32.688488,0.000000,0.000000,0.000000,
		0.000000,-0.000005,32.688488,0.000000,
		0.000000,-32.688488,-0.000005,0.000000,
		0.000000,0.000000,0.000000,1.000000;;
	}
	Frame Bone {
		FrameTransformMatrix {
			1.000000,0.000000,0.000000,0.000000,
			0.000000,-0.000000,-1.000000,0.000000,
			-0.000000,1.000000,-0.000000,0.000000,
			0.000000,0.000000,-0.353434,1.000000;;
		}
		Frame Bone.001 {
			FrameTransformMatrix {
				1.000000,0.000000,0.000000,0.000000,
				0.000000,1.000000,0.000000,0.000000,
				0.000000,0.000000,1.000000,0.000000,
				0.000000,0.461774,0.000000,1.000000;;
			}
			Frame Bone.001_end {
				FrameTransformMatrix {
					1.000000,0.000000,0.000000,0.000000,
					0.000000,1.000000,0.000000,0.000000,
					0.000000,0.000000,1.000000,0.000000,
					0.000000,0.377380,0.000000,1.000000;;
				}
			}
		}
	}
}
AnimationSet Armature|Attack {
	Animation {
		{Armature}
		AnimationKey {
			4;
			40;
			0;16;
			32.688488,0.000000,0.000000,0.000000,
			0.000000,-0.000003,32.688488,0.000000,
			0.000000,-32.688488,-0.000003,0.000000,
			0.000000,0.000000,0.000000,1.000000;;,
			1;16;
			32.688488,0.000000,0.000000,0.000000,
			0.000000,-0.000003,32.688488,0.000000,
			0.000000,-32.688488,-0.000003,0.000000,
			0.000000,0.000000,0.000000,1.000000;;,
			2;16;
			32.688488,0.000000,0.000000,0.000000,
			0.000000,-0.000003,32.688488,0.000000,
			0.000000,-32.688488,-0.000003,0.000000,
			0.000000,0.000000,0.000000,1.000000;;,
			3;16;
			32.688488,0.000000,0.000000,0.000000,
			0.000000,-0.000003,32.688488,0.000000,
			0.000000,-32.688488,-0.000003,0.000000,
			0.000000,0.000000,0.000000,1.000000;;,
			5;16;
			32.688488,0.000000,0.000000,0.000000,
			0.000000,-0.000003,32.688488,0.000000,
			0.000000,-32.688488,-0.000003,0.000000,
			0.000000,0.000000,0.000000,1.000000;;,
			6;16;
			32.688488,0.000000,0.000000,0.000000,
			0.000000,-0.000003,32.688488,0.000000,
			0.000000,-32.688488,-0.000003,0.000000,
			0.000000,0.000000,0.000000,1.000000;;,
			7;16;
			32.688488,0.000000,0.000000,0.000000,
			0.000000,-0.000003,32.688488,0.000000,
			0.000000,-32.688488,-0.000003,0.000000,
			0.000000,0.000000,0.000000,1.000000;;,
			8;16;
			32.688488,0.000000,0.000000,0.000000,
			0.000000,-0.000003,32.688488,0.000000,
			0.000000,-32.688488,-0.000003,0.000000,
			0.000000,0.000000,0.000000,1.000000;;,
			10;16;
			32.688488,0.000000,0.000000,0.000000,
			0.000000,-0.000003,32.688488,0.000000,
			0.000000,-32.688488,-0.000003,0.000000,
			0.000000,0.000000,0.000000,1.000000;;,
			11;16;
			32.688488,0.000000,0.000000,0.000000,
			0.000000,-0.000003,32.688488,0.000000,
			0.000000,-32.688488,-0.000003,0.000000,
			0.000000,0.000000,0.000000,1.000000;;,
			12;16;
			32.688488,0.000000,0.000000,0.000000,
			0.000000,-0.000003,32.688488,0.000000,
			0.000000,-32.688488,-0.000003,0.000000,
			0.000000,0.000000,0.000000,1.000000;;,
			13;16;
			32.688488,0.000000,0.000000,0.000000,
			0.000000,-0.000003,32.688488,0.000000,
			0.000000,-32.688488,-0.000003,0.000000,
			0.000000,0.000000,0.000000,1.000000;;,
			15;16;
			32.688488,0.000000,0.000000,0.000000,
			0.000000,-0.000003,32.688488,0.000000,
			0.000000,-32.688488,-0.000003,0.000000,
			0.000000,0.000000,0.000000,1.000000;;,
			16;16;
			32.688488,0.000000,0.000000,0.000000,
			0.000000,-0.000003,32.688488,0.000000,
			0.000000,-32.688488,-0.000003,0.000000,
			0.000000,0.000000,0.000000,1.000000;;,
			17;16;
			32.688488,0.000000,0.000000,0.000000,
			0.000000,-0.000003,32.688488,0.000000,
			0.000000,-32.688488,-0.000003,0.000000,
			0.000000,0.000000,0.000000,1.000000;;,
			18;16;
			32.688488,0.000000,0.000000,0.000000,
			0.000000,-0.000003,32.688488,0.000000,
			0.000000,-32.688488,-0.000003,0.000000,
			0.000000,0.000000,0.000000,1.000000;;,
			20;16;
			32.688488,0.000000,0.000000,0.000000,
			0.000000,-0.000003,32.688488,0.000000,
			0.000000,-32.688488,-0.000003,0.000000,
			0.000000,0.000000,0.000000,1.000000;;,
			21;16;
			32.688488,0.000000,0.000000,0.000000,
			0.000000,-0.000003,32.688488,0.000000,
			0.000000,-32.688488,-0.000003,0.000000,
			0.000000,0.000000,0.000000,1.000000;;,
			22;16;
			32.688488,0.000000,0.000000,0.000000,
			0.000000,-0.000003,32.688488,0.000000,
			0.000000,-32.688488,-0.000003,0.000000,
			0.000000,0.000000,0.000000,1.000000;;,
			23;16;
			32.688488,0.000000,0.000000,0.000000,
			0.000000,-0.000003,32.688488,0.000000,
			0.000000,-32.688488,-0.000003,0.000000,
			0.000000,0.000000,0.000000,1.000000;;,
			25;16;
			32.688488,0.000000,0.000000,0.000000,
			0.000000,-0.000003,32.688488,0.000000,
			0.000000,-32.688488,-0.000003,0.000000,
			0.000000,0.000000,0.000000,1.000000;;,
			26;16;
			32.688488,0.000000,0.000000,0.000000,
			0.000000,-0.000003,32.688488,0.000000,
			0.000000,-32.688488,-0.000003,0.000000,
			0.000000,0.000000,0.000000,1.000000;;,
			27;16;
			32.688488,0.000000,0.000000,0.000000,
			0.000000,-0.000003,32.688488,0.000000,
			0.000000,-32.688488,-0.000003,0.000000,
			0.000000,0.000000,0.000000,1.000000;;,
			28;16;
			32.688488,0.000000,0.000000,0.000000,
			0.000000,-0.000003,32.688488,0.000000,
			0.000000,-32.688488,-0.000003,0.000000,
			0.000000,0.000000,0.000000,1.000000;;,
			30;16;
			32.688488,0.000000,0.000000,0.000000,
			0.000000,-0.000003,32.688488,0.000000,
			0.000000,-32.688488,-0.000003,0.000000,
			0.000000,0.000000,0.000000,1.000000;;,
			31;16;
			32.688488,0.000000,0.000000,0.000000,
			0.000000,-0.000003,32.688488,0.000000,
			0.000000,-32.688488,-0.000003,0.000000,
			0.000000,0.000000,0.000000,1.000000;;,
			32;16;
			32.688488,0.000000,0.000000,0.000000,
			0.000000,-0.000003,32.688488,0.000000,
			0.000000,-32.688488,-0.000003,0.000000,
			0.000000,0.000000,0.000000,1.000000;;,
			33;16;
			32.688488,0.000000,0.000000,0.000000,
			0.000000,-0.000003,32.688488,0.000000,
			0.000000,-32.688488,-0.000003,0.000000,
			0.000000,0.000000,0.000000,1.000000;;,
			35;16;
			32.688488,0.000000,0.000000,0.000000,
			0.000000,-0.000003,32.688488,0.000000,
			0.000000,-32.688488,-0.000003,0.000000,
			0.000000,0.000000,0.000000,1.000000;;,
			36;16;
			32.688488,0.000000,0.000000,0.000000,
			0.000000,-0.000003,32.688488,0.000000,
			0.000000,-32.688488,-0.000003,0.000000,
			0.000000,0.000000,0.000000,1.000000;;,
			37;16;
			32.688488,0.000000,0.000000,0.000000,
			0.000000,-0.000003,32.688488,0.000000,
			0.000000,-32.688488,-0.000003,0.000000,
			0.000000,0.000000,0.000000,1.000000;;,
			38;16;
			32.688488,0.000000,0.000000,0.000000,
			0.000000,-0.000003,32.688488,0.000000,
			0.000000,-32.688488,-0.000003,0.000000,
			0.000000,0.000000,0.000000,1.000000;;,
			40;16;
			32.688488,0.000000,0.000000,0.000000,
			0.000000,-0.000003,32.688488,0.000000,
			0.000000,-32.688488,-0.000003,0.000000,
			0.000000,0.000000,0.000000,1.000000;;,
			41;16;
			32.688488,0.000000,0.000000,0.000000,
			0.000000,-0.000003,32.688488,0.000000,
			0.000000,-32.688488,-0.000003,0.000000,
			0.000000,0.000000,0.000000,1.000000;;,
			42;16;
			32.688488,0.000000,0.000000,0.000000,
			0.000000,-0.000003,32.688488,0.000000,
			0.000000,-32.688488,-0.000003,0.000000,
			0.000000,0.000000,0.000000,1.000000;;,
			43;16;
			32.688488,0.000000,0.000000,0.000000,
			0.000000,-0.000003,32.688488,0.000000,
			0.000000,-32.688488,-0.000003,0.000000,
			0.000000,0.000000,0.000000,1.000000;;,
			45;16;
			32.688488,0.000000,0.000000,0.000000,
			0.000000,-0.000003,32.688488,0.000000,
			0.000000,-32.688488,-0.000003,0.000000,
			0.000000,0.000000,0.000000,1.000000;;,
			46;16;
			32.688488,0.000000,0.000000,0.000000,
			0.000000,-0.000003,32.688488,0.000000,
			0.000000,-32.688488,-0.000003,0.000000,
			0.000000,0.000000,0.000000,1.000000;;,
			47;16;
			32.688488,0.000000,0.000000,0.000000,
			0.000000,-0.000003,32.688488,0.000000,
			0.000000,-32.688488,-0.000003,0.000000,
			0.000000,0.000000,0.000000,1.000000;;,
			48;16;
			32.688488,0.000000,0.000000,0.000000,
			0.000000,-0.000003,32.688488,0.000000,
			0.000000,-32.688488,-0.000003,0.000000,
			0.000000,0.000000,0.000000,1.000000;;;
		}
	}
	Animation {
		{Bone}
		AnimationKey {
			4;
			40;
			0;16;
			1.000000,0.000000,0.000000,0.000000,
			0.000000,0.000000,-1.000000,0.000000,
			0.000000,1.000000,0.000000,0.000000,
			0.000000,0.000000,-0.353434,1.000000;;,
			1;16;
			1.000000,0.000000,0.000000,0.000000,
			0.000000,0.004602,-0.999989,0.000000,
			0.000000,0.999989,0.004602,0.000000,
			0.000000,0.000000,-0.361809,1.000000;;,
			2;16;
			1.000000,0.000000,0.000000,0.000000,
			0.000000,0.014860,-0.999890,0.000000,
			0.000000,0.999890,0.014860,0.000000,
			0.000000,0.000000,-0.380737,1.000000;;,
			3;16;
			1.000000,0.000000,0.000000,0.000000,
			0.000000,0.029812,-0.999556,0.000000,
			0.000000,0.999556,0.029812,0.000000,
			0.000000,0.000000,-0.408207,1.000000;;,
			5;16;
			1.000000,0.000000,0.000000,0.000000,
			0.000000,0.069166,-0.997605,0.000000,
			0.000000,0.997605,0.069166,0.000000,
			0.000000,0.000000,-0.480737,1.000000;;,
			6;16;
			1.000000,0.000000,0.000000,0.000000,
			0.000000,0.091145,-0.995838,0.000000,
			0.000000,0.995838,0.091145,0.000000,
			0.000000,0.000000,-0.521273,1.000000;;,
			7;16;
			1.000000,0.000000,0.000000,0.000000,
			0.000000,0.112223,-0.993683,0.000000,
			0.000000,0.993683,0.112223,0.000000,
			0.000000,0.000000,-0.560301,1.000000;;,
			8;16;
			1.000000,0.000000,0.000000,0.000000,
			0.000000,0.131445,-0.991323,0.000000,
			0.000000,0.991323,0.131445,0.000000,
			0.000000,0.000000,-0.595812,1.000000;;,
			10;16;
			1.000000,0.000000,0.000000,0.000000,
			0.000000,0.159710,-0.987164,0.000000,
			0.000000,0.987164,0.159710,0.000000,
			0.000000,0.000000,-0.648241,1.000000;;,
			11;16;
			1.000000,0.000000,0.000000,0.000000,
			0.000000,0.164346,-0.986403,0.000000,
			0.000000,0.986403,0.164346,0.000000,
			0.000000,0.000000,-0.656616,1.000000;;,
			12;16;
			1.000000,0.000000,0.000000,0.000000,
			0.000000,0.157533,-0.987514,0.000000,
			0.000000,0.987514,0.157533,0.000000,
			0.000000,0.000000,-0.653581,1.000000;;,
			13;16;
			1.000000,0.000000,0.000000,0.000000,
			0.000000,0.137715,-0.990472,0.000000,
			0.000000,0.990472,0.137715,0.000000,
			0.000000,0.000000,-0.640881,1.000000;;,
			15;16;
			1.000000,0.000000,0.000000,0.000000,
			0.000000,0.061512,-0.998106,0.000000,
			0.000000,0.998106,0.061512,0.000000,
			0.000000,0.000000,-0.592770,1.000000;;,
			16;16;
			1.000000,0.000000,0.000000,0.000000,
			0.000000,0.008437,-0.999964,0.000000,
			0.000000,0.999964,0.008437,0.000000,
			0.000000,0.000000,-0.559556,1.000000;;,
			17;16;
			1.000000,0.000000,0.000000,0.000000,
			0.000000,-0.048397,-0.998828,0.000000,
			0.000000,0.998828,-0.048397,0.000000,
			0.000000,0.000000,-0.524144,1.000000;;,
			18;16;
			1.000000,0.000000,0.000000,0.000000,
			0.000000,-0.106219,-0.994343,0.000000,
			0.000000,0.994343,-0.106219,0.000000,
			0.000000,0.000000,-0.487999,1.000000;;,
			20;16;
			1.000000,0.000000,0.000000,0.000000,
			0.000000,-0.214515,-0.976721,0.000000,
			0.000000,0.976721,-0.214515,0.000000,
			0.000000,0.000000,-0.419373,1.000000;;,
			21;16;
			1.000000,0.000000,0.000000,0.000000,
			0.000000,-0.256812,-0.966461,0.000000,
			0.000000,0.966461,-0.256812,0.000000,
			0.000000,0.000000,-0.392020,1.000000;;,
			22;16;
			1.000000,0.000000,0.000000,0.000000,
			0.000000,-0.288449,-0.957495,0.000000,
			0.000000,0.957495,-0.288449,0.000000,
			0.000000,0.000000,-0.371262,1.000000;;,
			23;16;
			1.000000,0.000000,0.000000,0.000000,
			0.000000,-0.307667,-0.951494,0.000000,
			0.000000,0.951494,-0.307667,0.000000,
			0.000000,0.000000,-0.358562,1.000000;;,
			25;16;
			1.000000,0.000000,0.000000,0.000000,
			0.000000,-0.313135,-0.949709,0.000000,
			0.000000,0.949709,-0.313135,0.000000,
			0.000000,0.000000,-0.353434,1.000000;;,
			26;16;
			1.000000,0.000000,0.000000,0.000000,
			0.000000,-0.308123,-0.951347,0.000000,
			0.000000,0.951347,-0.308123,0.000000,
			0.000000,0.000000,-0.353434,1.000000;;,
			27;16;
			1.000000,0.000000,0.000000,0.000000,
			0.000000,-0.300817,-0.953682,0.000000,
			0.000000,0.953682,-0.300817,0.000000,
			0.000000,0.000000,-0.353434,1.000000;;,
			28;16;
			1.000000,0.000000,0.000000,0.000000,
			0.000000,-0.291569,-0.956550,0.000000,
			0.000000,0.956550,-0.291569,0.000000,
			0.000000,0.000000,-0.353434,1.000000;;,
			30;16;
			1.000000,0.000000,0.000000,0.000000,
			0.000000,-0.267544,-0.963546,0.000000,
			0.000000,0.963546,-0.267544,0.000000,
			0.000000,0.000000,-0.353434,1.000000;;,
			31;16;
			1.000000,0.000000,0.000000,0.000000,
			0.000000,-0.252733,-0.967536,0.000000,
			0.000000,0.967536,-0.252733,0.000000,
			0.000000,0.000000,-0.353434,1.000000;;,
			32;16;
			1.000000,0.000000,0.000000,0.000000,
			0.000000,-0.236744,-0.971572,0.000000,
			0.000000,0.971572,-0.236744,0.000000,
			0.000000,0.000000,-0.353434,1.000000;;,
			33;16;
			1.000000,0.000000,0.000000,0.000000,
			0.000000,-0.219756,-0.975555,0.000000,
			0.000000,0.975555,-0.219756,0.000000,
			0.000000,0.000000,-0.353434,1.000000;;,
			35;16;
			1.000000,0.000000,0.000000,0.000000,
			0.000000,-0.183417,-0.983035,0.000000,
			0.000000,0.983035,-0.183417,0.000000,
			0.000000,0.000000,-0.353434,1.000000;;,
			36;16;
			1.000000,0.000000,0.000000,0.000000,
			0.000000,-0.164440,-0.986387,0.000000,
			0.000000,0.986387,-0.164440,0.000000,
			0.000000,0.000000,-0.353434,1.000000;;,
			37;16;
			1.000000,0.000000,0.000000,0.000000,
			0.000000,-0.145497,-0.989359,0.000000,
			0.000000,0.989359,-0.145497,0.000000,
			0.000000,0.000000,-0.353434,1.000000;;,
			38;16;
			1.000000,0.000000,0.000000,0.000000,
			0.000000,-0.126596,-0.991954,0.000000,
			0.000000,0.991954,-0.126596,0.000000,
			0.000000,0.000000,-0.353434,1.000000;;,
			40;16;
			1.000000,0.000000,0.000000,0.000000,
			0.000000,-0.090190,-0.995925,0.000000,
			0.000000,0.995925,-0.090190,0.000000,
			0.000000,0.000000,-0.353434,1.000000;;,
			41;16;
			1.000000,0.000000,0.000000,0.000000,
			0.000000,-0.073277,-0.997312,0.000000,
			0.000000,0.997312,-0.073277,0.000000,
			0.000000,0.000000,-0.353434,1.000000;;,
			42;16;
			1.000000,0.000000,0.000000,0.000000,
			0.000000,-0.057684,-0.998335,0.000000,
			0.000000,0.998335,-0.057684,0.000000,
			0.000000,0.000000,-0.353434,1.000000;;,
			43;16;
			1.000000,0.000000,0.000000,0.000000,
			0.000000,-0.043321,-0.999061,0.000000,
			0.000000,0.999061,-0.043321,0.000000,
			0.000000,0.000000,-0.353434,1.000000;;,
			45;16;
			1.000000,0.000000,0.000000,0.000000,
			0.000000,-0.019461,-0.999811,0.000000,
			0.000000,0.999811,-0.019461,0.000000,
			0.000000,0.000000,-0.353434,1.000000;;,
			46;16;
			1.000000,0.000000,0.000000,0.000000,
			0.000000,-0.011025,-0.999939,0.000000,
			0.000000,0.999939,-0.011025,0.000000,
			0.000000,0.000000,-0.353434,1.000000;;,
			47;16;
			1.000000,0.000000,0.000000,0.000000,
			0.000000,-0.004985,-0.999988,0.000000,
			0.000000,0.999988,-0.004985,0.000000,
			0.000000,0.000000,-0.353434,1.000000;;,
			48;16;
			1.000000,0.000000,0.000000,0.000000,
			0.000000,-0.001342,-0.999999,0.000000,
			0.000000,0.999999,-0.001342,0.000000,
			0.000000,0.000000,-0.353434,1.000000;;;
		}
	}
	Animation {
		{Bone.001}
		AnimationKey {
			4;
			40;
			0;16;
			1.000000,0.000000,0.000000,0.000000,
			0.000000,1.000000,0.000000,0.000000,
			0.000000,0.000000,1.000000,0.000000,
			0.000000,0.461774,0.000000,1.000000;;,
			1;16;
			1.000000,0.000000,0.000000,0.000000,
			0.000000,0.999955,0.009491,0.000000,
			0.000000,-0.009491,0.999955,0.000000,
			0.000000,0.461774,0.000000,1.000000;;,
			2;16;
			1.000000,0.000000,0.000000,0.000000,
			0.000000,0.999515,0.031154,0.000000,
			0.000000,-0.031154,0.999515,0.000000,
			0.000000,0.461774,0.000000,1.000000;;,
			3;16;
			1.000000,0.000000,0.000000,0.000000,
			0.000000,0.998047,0.062469,0.000000,
			0.000000,-0.062469,0.998047,0.000000,
			0.000000,0.461774,0.000000,1.000000;;,
			5;16;
			1.000000,0.000000,0.000000,0.000000,
			0.000000,0.989428,0.145023,0.000000,
			0.000000,-0.145023,0.989428,0.000000,
			0.000000,0.461774,0.000000,1.000000;;,
			6;16;
			1.000000,0.000000,0.000000,0.000000,
			0.000000,0.981618,0.190857,0.000000,
			0.000000,-0.190857,0.981618,0.000000,
			0.000000,0.461774,0.000000,1.000000;;,
			7;16;
			1.000000,0.000000,0.000000,0.000000,
			0.000000,0.972114,0.234508,0.000000,
			0.000000,-0.234508,0.972114,0.000000,
			0.000000,0.461774,0.000000,1.000000;;,
			8;16;
			1.000000,0.000000,0.000000,0.000000,
			0.000000,0.961781,0.273820,0.000000,
			0.000000,-0.273820,0.961781,0.000000,
			0.000000,0.461774,0.000000,1.000000;;,
			10;16;
			1.000000,0.000000,0.000000,0.000000,
			0.000000,0.943657,0.330925,0.000000,
			0.000000,-0.330925,0.943657,0.000000,
			0.000000,0.461774,0.000000,1.000000;;,
			11;16;
			1.000000,0.000000,0.000000,0.000000,
			0.000000,0.940441,0.339957,0.000000,
			0.000000,-0.339957,0.940441,0.000000,
			0.000000,0.461774,0.000000,1.000000;;,
			12;16;
			1.000000,0.000000,0.000000,0.000000,
			0.000000,0.943530,0.331287,0.000000,
			0.000000,-0.331287,0.943530,0.000000,
			0.000000,0.461774,0.000000,1.000000;;,
			13;16;
			1.000000,0.000000,0.000000,0.000000,
			0.000000,0.952725,0.303833,0.000000,
			0.000000,-0.303833,0.952725,0.000000,
			0.000000,0.461774,0.000000,1.000000;;,
			15;16;
			1.000000,0.000000,0.000000,0.000000,
			0.000000,0.980466,0.196689,0.000000,
			0.000000,-0.196689,0.980466,0.000000,
			0.000000,0.461774,0.000000,1.000000;;,
			16;16;
			1.000000,0.000000,0.000000,0.000000,
			0.000000,0.992724,0.120412,0.000000,
			0.000000,-0.120412,0.992724,0.000000,
			0.000000,0.461774,0.000000,1.000000;;,
			17;16;
			1.000000,0.000000,0.000000,0.000000,
			0.000000,0.999283,0.037861,0.000000,
			0.000000,-0.037861,0.999283,0.000000,
			0.000000,0.461774,0.000000,1.000000;;,
			18;16;
			1.000000,0.000000,0.000000,0.000000,
			0.000000,0.998910,-0.046673,0.000000,
			0.000000,0.046673,0.998910,0.000000,
			0.000000,0.461774,0.000000,1.000000;;,
			20;16;
			1.000000,0.000000,0.000000,0.000000,
			0.000000,0.978693,-0.205329,0.000000,
			0.000000,0.205329,0.978693,0.000000,
			0.000000,0.461774,0.000000,1.000000;;,
			21;16;
			1.000000,0.000000,0.000000,0.000000,
			0.000000,0.963802,-0.266620,0.000000,
			0.000000,0.266620,0.963802,0.000000,
			0.000000,0.461774,0.000000,1.000000;;,
			22;16;
			1.000000,0.000000,0.000000,0.000000,
			0.000000,0.950038,-0.312134,0.000000,
			0.000000,0.312134,0.950038,0.000000,
			0.000000,0.461774,0.000000,1.000000;;,
			23;16;
			1.000000,0.000000,0.000000,0.000000,
			0.000000,0.940571,-0.339596,0.000000,
			0.000000,0.339596,0.940571,0.000000,
			0.000000,0.461774,0.000000,1.000000;;,
			25;16;
			1.000000,0.000000,0.000000,0.000000,
			0.000000,0.937473,-0.348059,0.000000,
			0.000000,0.348059,0.937473,0.000000,
			0.000000,0.461774,0.000000,1.000000;;,
			26;16;
			1.000000,0.000000,0.000000,0.000000,
			0.000000,0.939492,-0.342571,0.000000,
			0.000000,0.342571,0.939492,0.000000,
			0.000000,0.461774,0.000000,1.000000;;,
			27;16;
			1.000000,0.000000,0.000000,0.000000,
			0.000000,0.942381,-0.334541,0.000000,
			0.000000,0.334541,0.942381,0.000000,
			0.000000,0.461774,0.000000,1.000000;;,
			28;16;
			1.000000,0.000000,0.000000,0.000000,
			0.000000,0.945950,-0.324313,0.000000,
			0.000000,0.324313,0.945950,0.000000,
			0.000000,0.461774,0.000000,1.000000;;,
			30;16;
			1.000000,0.000000,0.000000,0.000000,
			0.000000,0.954657,-0.297707,0.000000,
			0.000000,0.297707,0.954657,0.000000,
			0.000000,0.461774,0.000000,1.000000;;,
			31;16;
			1.000000,0.000000,0.000000,0.000000,
			0.000000,0.959598,-0.281373,0.000000,
			0.000000,0.281373,0.959598,0.000000,
			0.000000,0.461774,0.000000,1.000000;;,
			32;16;
			1.000000,0.000000,0.000000,0.000000,
			0.000000,0.964615,-0.263662,0.000000,
			0.000000,0.263662,0.964615,0.000000,
			0.000000,0.461774,0.000000,1.000000;;,
			33;16;
			1.000000,0.000000,0.000000,0.000000,
			0.000000,0.969587,-0.244747,0.000000,
			0.000000,0.244747,0.969587,0.000000,
			0.000000,0.461774,0.000000,1.000000;;,
			35;16;
			1.000000,0.000000,0.000000,0.000000,
			0.000000,0.978870,-0.204484,0.000000,
			0.000000,0.204484,0.978870,0.000000,
			0.000000,0.461774,0.000000,1.000000;;,
			36;16;
			1.000000,0.000000,0.000000,0.000000,
			0.000000,0.983035,-0.183417,0.000000,
			0.000000,0.183417,0.983035,0.000000,
			0.000000,0.461774,0.000000,1.000000;;,
			37;16;
			1.000000,0.000000,0.000000,0.000000,
			0.000000,0.986747,-0.162265,0.000000,
			0.000000,0.162265,0.986747,0.000000,
			0.000000,0.461774,0.000000,1.000000;;,
			38;16;
			1.000000,0.000000,0.000000,0.000000,
			0.000000,0.989977,-0.141228,0.000000,
			0.000000,0.141228,0.989977,0.000000,
			0.000000,0.461774,0.000000,1.000000;;,
			40;16;
			1.000000,0.000000,0.000000,0.000000,
			0.000000,0.994928,-0.100593,0.000000,
			0.000000,0.100593,0.994928,0.000000,
			0.000000,0.461774,0.000000,1.000000;;,
			41;16;
			1.000000,0.000000,0.000000,0.000000,
			0.000000,0.996650,-0.081785,0.000000,
			0.000000,0.081785,0.996650,0.000000,
			0.000000,0.461774,0.000000,1.000000;;,
			42;16;
			1.000000,0.000000,0.000000,0.000000,
			0.000000,0.997931,-0.064287,0.000000,
			0.000000,0.064287,0.997931,0.000000,
			0.000000,0.461774,0.000000,1.000000;;,
			43;16;
			1.000000,0.000000,0.000000,0.000000,
			0.000000,0.998833,-0.048301,0.000000,
			0.000000,0.048301,0.998833,0.000000,
			0.000000,0.461774,0.000000,1.000000;;,
			45;16;
			1.000000,0.000000,0.000000,0.000000,
			0.000000,0.999765,-0.021666,0.000000,
			0.000000,0.021666,0.999765,0.000000,
			0.000000,0.461774,0.000000,1.000000;;,
			46;16;
			1.000000,0.000000,0.000000,0.000000,
			0.000000,0.999925,-0.012271,0.000000,
			0.000000,0.012271,0.999925,0.000000,
			0.000000,0.461774,0.000000,1.000000;;,
			47;16;
			1.000000,0.000000,0.000000,0.000000,
			0.000000,0.999985,-0.005561,0.000000,
			0.000000,0.005561,0.999985,0.000000,
			0.000000,0.461774,0.000000,1.000000;;,
			48;16;
			1.000000,0.000000,0.000000,0.000000,
			0.000000,0.999999,-0.001534,0.000000,
			0.000000,0.001534,0.999999,0.000000,
			0.000000,0.461774,0.000000,1.000000;;;
		}
	}
}
AnimationSet Armature|Down {
	Animation {
		{Armature}
		AnimationKey {
			4;
			85;
			0;16;
			32.688488,0.000000,0.000000,0.000000,
			0.000000,-0.000003,32.688488,0.000000,
			0.000000,-32.688488,-0.000003,0.000000,
			0.000000,0.000000,0.000000,1.000000;;,
			1;16;
			32.688488,0.000000,0.000000,0.000000,
			0.000000,-0.000003,32.688488,0.000000,
			0.000000,-32.688488,-0.000003,0.000000,
			0.000000,0.000000,0.000000,1.000000;;,
			2;16;
			32.688488,0.000000,0.000000,0.000000,
			0.000000,-0.000003,32.688488,0.000000,
			0.000000,-32.688488,-0.000003,0.000000,
			0.000000,0.000000,0.000000,1.000000;;,
			3;16;
			32.688488,0.000000,0.000000,0.000000,
			0.000000,-0.000003,32.688488,0.000000,
			0.000000,-32.688488,-0.000003,0.000000,
			0.000000,0.000000,0.000000,1.000000;;,
			5;16;
			32.688488,0.000000,0.000000,0.000000,
			0.000000,-0.000003,32.688488,0.000000,
			0.000000,-32.688488,-0.000003,0.000000,
			0.000000,0.000000,0.000000,1.000000;;,
			6;16;
			32.688488,0.000000,0.000000,0.000000,
			0.000000,-0.000003,32.688488,0.000000,
			0.000000,-32.688488,-0.000003,0.000000,
			0.000000,0.000000,0.000000,1.000000;;,
			7;16;
			32.688488,0.000000,0.000000,0.000000,
			0.000000,-0.000003,32.688488,0.000000,
			0.000000,-32.688488,-0.000003,0.000000,
			0.000000,0.000000,0.000000,1.000000;;,
			8;16;
			32.688488,0.000000,0.000000,0.000000,
			0.000000,-0.000003,32.688488,0.000000,
			0.000000,-32.688488,-0.000003,0.000000,
			0.000000,0.000000,0.000000,1.000000;;,
			10;16;
			32.688488,0.000000,0.000000,0.000000,
			0.000000,-0.000003,32.688488,0.000000,
			0.000000,-32.688488,-0.000003,0.000000,
			0.000000,0.000000,0.000000,1.000000;;,
			11;16;
			32.688488,0.000000,0.000000,0.000000,
			0.000000,-0.000003,32.688488,0.000000,
			0.000000,-32.688488,-0.000003,0.000000,
			0.000000,0.000000,0.000000,1.000000;;,
			12;16;
			32.688488,0.000000,0.000000,0.000000,
			0.000000,-0.000003,32.688488,0.000000,
			0.000000,-32.688488,-0.000003,0.000000,
			0.000000,0.000000,0.000000,1.000000;;,
			13;16;
			32.688488,0.000000,0.000000,0.000000,
			0.000000,-0.000003,32.688488,0.000000,
			0.000000,-32.688488,-0.000003,0.000000,
			0.000000,0.000000,0.000000,1.000000;;,
			15;16;
			32.688488,0.000000,0.000000,0.000000,
			0.000000,-0.000003,32.688488,0.000000,
			0.000000,-32.688488,-0.000003,0.000000,
			0.000000,0.000000,0.000000,1.000000;;,
			16;16;
			32.688488,0.000000,0.000000,0.000000,
			0.000000,-0.000003,32.688488,0.000000,
			0.000000,-32.688488,-0.000003,0.000000,
			0.000000,0.000000,0.000000,1.000000;;,
			17;16;
			32.688488,0.000000,0.000000,0.000000,
			0.000000,-0.000003,32.688488,0.000000,
			0.000000,-32.688488,-0.000003,0.000000,
			0.000000,0.000000,0.000000,1.000000;;,
			18;16;
			32.688488,0.000000,0.000000,0.000000,
			0.000000,-0.000003,32.688488,0.000000,
			0.000000,-32.688488,-0.000003,0.000000,
			0.000000,0.000000,0.000000,1.000000;;,
			20;16;
			32.688488,0.000000,0.000000,0.000000,
			0.000000,-0.000003,32.688488,0.000000,
			0.000000,-32.688488,-0.000003,0.000000,
			0.000000,0.000000,0.000000,1.000000;;,
			21;16;
			32.688488,0.000000,0.000000,0.000000,
			0.000000,-0.000003,32.688488,0.000000,
			0.000000,-32.688488,-0.000003,0.000000,
			0.000000,0.000000,0.000000,1.000000;;,
			22;16;
			32.688488,0.000000,0.000000,0.000000,
			0.000000,-0.000003,32.688488,0.000000,
			0.000000,-32.688488,-0.000003,0.000000,
			0.000000,0.000000,0.000000,1.000000;;,
			23;16;
			32.688488,0.000000,0.000000,0.000000,
			0.000000,-0.000003,32.688488,0.000000,
			0.000000,-32.688488,-0.000003,0.000000,
			0.000000,0.000000,0.000000,1.000000;;,
			25;16;
			32.688488,0.000000,0.000000,0.000000,
			0.000000,-0.000003,32.688488,0.000000,
			0.000000,-32.688488,-0.000003,0.000000,
			0.000000,0.000000,0.000000,1.000000;;,
			26;16;
			32.688488,0.000000,0.000000,0.000000,
			0.000000,-0.000003,32.688488,0.000000,
			0.000000,-32.688488,-0.000003,0.000000,
			0.000000,0.000000,0.000000,1.000000;;,
			27;16;
			32.688488,0.000000,0.000000,0.000000,
			0.000000,-0.000003,32.688488,0.000000,
			0.000000,-32.688488,-0.000003,0.000000,
			0.000000,0.000000,0.000000,1.000000;;,
			28;16;
			32.688488,0.000000,0.000000,0.000000,
			0.000000,-0.000003,32.688488,0.000000,
			0.000000,-32.688488,-0.000003,0.000000,
			0.000000,0.000000,0.000000,1.000000;;,
			30;16;
			32.688488,0.000000,0.000000,0.000000,
			0.000000,-0.000003,32.688488,0.000000,
			0.000000,-32.688488,-0.000003,0.000000,
			0.000000,0.000000,0.000000,1.000000;;,
			31;16;
			32.688488,0.000000,0.000000,0.000000,
			0.000000,-0.000003,32.688488,0.000000,
			0.000000,-32.688488,-0.000003,0.000000,
			0.000000,0.000000,0.000000,1.000000;;,
			32;16;
			32.688488,0.000000,0.000000,0.000000,
			0.000000,-0.000003,32.688488,0.000000,
			0.000000,-32.688488,-0.000003,0.000000,
			0.000000,0.000000,0.000000,1.000000;;,
			33;16;
			32.688488,0.000000,0.000000,0.000000,
			0.000000,-0.000003,32.688488,0.000000,
			0.000000,-32.688488,-0.000003,0.000000,
			0.000000,0.000000,0.000000,1.000000;;,
			35;16;
			32.688488,0.000000,0.000000,0.000000,
			0.000000,-0.000003,32.688488,0.000000,
			0.000000,-32.688488,-0.000003,0.000000,
			0.000000,0.000000,0.000000,1.000000;;,
			36;16;
			32.688488,0.000000,0.000000,0.000000,
			0.000000,-0.000003,32.688488,0.000000,
			0.000000,-32.688488,-0.000003,0.000000,
			0.000000,0.000000,0.000000,1.000000;;,
			37;16;
			32.688488,0.000000,0.000000,0.000000,
			0.000000,-0.000003,32.688488,0.000000,
			0.000000,-32.688488,-0.000003,0.000000,
			0.000000,0.000000,0.000000,1.000000;;,
			38;16;
			32.688488,0.000000,0.000000,0.000000,
			0.000000,-0.000003,32.688488,0.000000,
			0.000000,-32.688488,-0.000003,0.000000,
			0.000000,0.000000,0.000000,1.000000;;,
			40;16;
			32.688488,0.000000,0.000000,0.000000,
			0.000000,-0.000003,32.688488,0.000000,
			0.000000,-32.688488,-0.000003,0.000000,
			0.000000,0.000000,0.000000,1.000000;;,
			41;16;
			32.688488,0.000000,0.000000,0.000000,
			0.000000,-0.000003,32.688488,0.000000,
			0.000000,-32.688488,-0.000003,0.000000,
			0.000000,0.000000,0.000000,1.000000;;,
			42;16;
			32.688488,0.000000,0.000000,0.000000,
			0.000000,-0.000003,32.688488,0.000000,
			0.000000,-32.688488,-0.000003,0.000000,
			0.000000,0.000000,0.000000,1.000000;;,
			43;16;
			32.688488,0.000000,0.000000,0.000000,
			0.000000,-0.000003,32.688488,0.000000,
			0.000000,-32.688488,-0.000003,0.000000,
			0.000000,0.000000,0.000000,1.000000;;,
			45;16;
			32.688488,0.000000,0.000000,0.000000,
			0.000000,-0.000003,32.688488,0.000000,
			0.000000,-32.688488,-0.000003,0.000000,
			0.000000,0.000000,0.000000,1.000000;;,
			46;16;
			32.688488,0.000000,0.000000,0.000000,
			0.000000,-0.000003,32.688488,0.000000,
			0.000000,-32.688488,-0.000003,0.000000,
			0.000000,0.000000,0.000000,1.000000;;,
			47;16;
			32.688488,0.000000,0.000000,0.000000,
			0.000000,-0.000003,32.688488,0.000000,
			0.000000,-32.688488,-0.000003,0.000000,
			0.000000,0.000000,0.000000,1.000000;;,
			48;16;
			32.688488,0.000000,0.000000,0.000000,
			0.000000,-0.000003,32.688488,0.000000,
			0.000000,-32.688488,-0.000003,0.000000,
			0.000000,0.000000,0.000000,1.000000;;,
			50;16;
			32.688488,0.000000,0.000000,0.000000,
			0.000000,-0.000003,32.688488,0.000000,
			0.000000,-32.688488,-0.000003,0.000000,
			0.000000,0.000000,0.000000,1.000000;;,
			51;16;
			32.688488,0.000000,0.000000,0.000000,
			0.000000,-0.000003,32.688488,0.000000,
			0.000000,-32.688488,-0.000003,0.000000,
			0.000000,0.000000,0.000000,1.000000;;,
			52;16;
			32.688488,0.000000,0.000000,0.000000,
			0.000000,-0.000003,32.688488,0.000000,
			0.000000,-32.688488,-0.000003,0.000000,
			0.000000,0.000000,0.000000,1.000000;;,
			53;16;
			32.688488,0.000000,0.000000,0.000000,
			0.000000,-0.000003,32.688488,0.000000,
			0.000000,-32.688488,-0.000003,0.000000,
			0.000000,0.000000,0.000000,1.000000;;,
			55;16;
			32.688488,0.000000,0.000000,0.000000,
			0.000000,-0.000003,32.688488,0.000000,
			0.000000,-32.688488,-0.000003,0.000000,
			0.000000,0.000000,0.000000,1.000000;;,
			56;16;
			32.688488,0.000000,0.000000,0.000000,
			0.000000,-0.000003,32.688488,0.000000,
			0.000000,-32.688488,-0.000003,0.000000,
			0.000000,0.000000,0.000000,1.000000;;,
			57;16;
			32.688488,0.000000,0.000000,0.000000,
			0.000000,-0.000003,32.688488,0.000000,
			0.000000,-32.688488,-0.000003,0.000000,
			0.000000,0.000000,0.000000,1.000000;;,
			58;16;
			32.688488,0.000000,0.000000,0.000000,
			0.000000,-0.000003,32.688488,0.000000,
			0.000000,-32.688488,-0.000003,0.000000,
			0.000000,0.000000,0.000000,1.000000;;,
			60;16;
			32.688488,0.000000,0.000000,0.000000,
			0.000000,-0.000003,32.688488,0.000000,
			0.000000,-32.688488,-0.000003,0.000000,
			0.000000,0.000000,0.000000,1.000000;;,
			61;16;
			32.688488,0.000000,0.000000,0.000000,
			0.000000,-0.000003,32.688488,0.000000,
			0.000000,-32.688488,-0.000003,0.000000,
			0.000000,0.000000,0.000000,1.000000;;,
			62;16;
			32.688488,0.000000,0.000000,0.000000,
			0.000000,-0.000003,32.688488,0.000000,
			0.000000,-32.688488,-0.000003,0.000000,
			0.000000,0.000000,0.000000,1.000000;;,
			63;16;
			32.688488,0.000000,0.000000,0.000000,
			0.000000,-0.000003,32.688488,0.000000,
			0.000000,-32.688488,-0.000003,0.000000,
			0.000000,0.000000,0.000000,1.000000;;,
			65;16;
			32.688488,0.000000,0.000000,0.000000,
			0.000000,-0.000003,32.688488,0.000000,
			0.000000,-32.688488,-0.000003,0.000000,
			0.000000,0.000000,0.000000,1.000000;;,
			66;16;
			32.688488,0.000000,0.000000,0.000000,
			0.000000,-0.000003,32.688488,0.000000,
			0.000000,-32.688488,-0.000003,0.000000,
			0.000000,0.000000,0.000000,1.000000;;,
			67;16;
			32.688488,0.000000,0.000000,0.000000,
			0.000000,-0.000003,32.688488,0.000000,
			0.000000,-32.688488,-0.000003,0.000000,
			0.000000,0.000000,0.000000,1.000000;;,
			68;16;
			32.688488,0.000000,0.000000,0.000000,
			0.000000,-0.000003,32.688488,0.000000,
			0.000000,-32.688488,-0.000003,0.000000,
			0.000000,0.000000,0.000000,1.000000;;,
			70;16;
			32.688488,0.000000,0.000000,0.000000,
			0.000000,-0.000003,32.688488,0.000000,
			0.000000,-32.688488,-0.000003,0.000000,
			0.000000,0.000000,0.000000,1.000000;;,
			71;16;
			32.688488,0.000000,0.000000,0.000000,
			0.000000,-0.000003,32.688488,0.000000,
			0.000000,-32.688488,-0.000003,0.000000,
			0.000000,0.000000,0.000000,1.000000;;,
			72;16;
			32.688488,0.000000,0.000000,0.000000,
			0.000000,-0.000003,32.688488,0.000000,
			0.000000,-32.688488,-0.000003,0.000000,
			0.000000,0.000000,0.000000,1.000000;;,
			73;16;
			32.688488,0.000000,0.000000,0.000000,
			0.000000,-0.000003,32.688488,0.000000,
			0.000000,-32.688488,-0.000003,0.000000,
			0.000000,0.000000,0.000000,1.000000;;,
			75;16;
			32.688488,0.000000,0.000000,0.000000,
